A C G T
0.13800000	0.67400000	0.12800000	0.06000000
0.67000000	0.07200000	0.16200000	0.09600000
0.19800000	0.17400000	0.40800000	0.22000000
0.18200000	0.25200000	0.40200000	0.16400000
0.24400000	0.16600000	0.34000000	0.25000000
0.47000000	0.19000000	0.23000000	0.11000000
0.34400000	0.05200000	0.43800000	0.16600000
0.06000000	0.12800000	0.74800000	0.06400000
0.03800000	0.01600000	0.00400000	0.94200000
0.00200000	0.01400000	0.97000000	0.01400000
0.22400000	0.05200000	0.04400000	0.68000000
0.03200000	0.15200000	0.63200000	0.18400000
0.90600000	0.02000000	0.06200000	0.01200000
0.66000000	0.05800000	0.22200000	0.06000000
