A C G T
0.06800000	0.85600000	0.03600000	0.04000000
0.00200000	0.99599999	0.00200000	0.00000001
0.70000000	0.00600000	0.24200000	0.05200000
0.01600000	0.65200000	0.32200000	0.01000000
0.09800000	0.59400000	0.07400000	0.23400000
0.90600000	0.01800000	0.05400000	0.02200000
0.00200000	0.00200000	0.99200000	0.00400000
0.38600000	0.00000001	0.61199999	0.00200000
0.02600000	0.02600000	0.58800000	0.36000000
0.01200000	0.00200000	0.98400000	0.00200000
0.05000000	0.02600000	0.86000000	0.06400000
0.06800000	0.87600000	0.01200000	0.04400000
0.39600000	0.01400000	0.58400000	0.00600000
0.07600000	0.56200000	0.32600000	0.03600000
