A C G T
0.63800000	0.04800000	0.26000000	0.05400000
0.07400000	0.00600000	0.80800000	0.11200000
0.04600000	0.01800000	0.90800000	0.02800000
0.09400000	0.07200000	0.17800000	0.65600000
0.00200000	0.88800000	0.04800000	0.06200000
0.85600000	0.00600000	0.11200000	0.02600000
0.10800000	0.44200000	0.31200000	0.13800000
0.39599999	0.60399999	0.00000001	0.00000001
0.18200000	0.37600000	0.28600000	0.15600000
0.10400000	0.07800000	0.04400000	0.77400000
0.05400000	0.03400000	0.90800000	0.00400000
0.61800000	0.19800000	0.07000000	0.11400000
0.04000000	0.88400000	0.01400000	0.06200000
0.09000000	0.82200000	0.00800000	0.08000000
