A C G T
0.09200000	0.01000000	0.83800000	0.06000000
0.44400000	0.15600000	0.21800000	0.18200000
0.89800000	0.02600000	0.02800000	0.04800000
0.01200000	0.94800000	0.02600000	0.01400000
0.76200000	0.02800000	0.09000000	0.12000000
0.15800000	0.29800000	0.35200000	0.19200000
0.63199999	0.36799999	0.00000001	0.00000001
0.40200000	0.28400000	0.21800000	0.09600000
0.18000000	0.05400000	0.03600000	0.73000000
0.01400000	0.02200000	0.95400000	0.01000000
0.05200000	0.03800000	0.02400000	0.88600000
0.19000000	0.26600000	0.18200000	0.36200000
0.06200000	0.84800000	0.00600000	0.08400000
