A C G T
0.14800000	0.03400000	0.75600000	0.06200000
0.02800000	0.08000000	0.08000000	0.81200000
0.14600000	0.08200000	0.04600000	0.72600000
0.98000000	0.00200000	0.01600000	0.00200000
0.93800000	0.04600000	0.00600000	0.01000000
0.05600000	0.01000000	0.00600000	0.92800000
0.40999999	0.00000001	0.58999999	0.00000001
0.76200000	0.00400000	0.05400000	0.18000000
0.04600000	0.02400000	0.12200000	0.80800000
0.01600000	0.03800000	0.00200000	0.94400000
0.69200000	0.06400000	0.13400000	0.11000000
0.79800000	0.09400000	0.06600000	0.04200000
0.07800000	0.73200000	0.04200000	0.14800000
