A C G T
0.46000000	0.03400000	0.42600000	0.08000000
0.07400000	0.01800000	0.85600000	0.05200000
0.14600000	0.04400000	0.40200000	0.40800000
0.13400000	0.32600000	0.26000000	0.28000000
0.00800000	0.90400000	0.00800000	0.08000000
0.94800000	0.01400000	0.03200000	0.00600000
0.90400000	0.01800000	0.07000000	0.00800000
0.93199999	0.00000001	0.05600000	0.01200000
0.00600000	0.00400000	0.96800000	0.02200000
0.02800000	0.01000000	0.19200000	0.77000000
0.04200000	0.64000000	0.05800000	0.26000000
0.01800000	0.89400000	0.01000000	0.07800000
0.76400000	0.07000000	0.08400000	0.08200000
