A C G T
0.42200000	0.05600000	0.49000000	0.03200000
0.01200000	0.00600000	0.97800000	0.00400000
0.95000000	0.02000000	0.02000000	0.01000000
0.85000000	0.03400000	0.05400000	0.06200000
0.24400000	0.18800000	0.29600000	0.27200000
0.15600000	0.27800000	0.40400000	0.16200000
0.10800000	0.08800000	0.06000000	0.74400000
0.11600000	0.01600000	0.08800000	0.78000000
0.05200000	0.94399999	0.00400000	0.00000001
0.01200000	0.32000000	0.03200000	0.63600000
0.56400000	0.06000000	0.36800000	0.00800000
0.00600000	0.00800000	0.98599999	0.00000001
0.91200000	0.03000000	0.03000000	0.02800000
0.78800000	0.06600000	0.10200000	0.04400000
