A C G T
0.06730769	0.08365385	0.76634615	0.08269231
0.75000000	0.06826923	0.11730769	0.06442308
0.69230769	0.06153846	0.11057692	0.13557692
0.12115385	0.23076923	0.27980769	0.36826923
0.30480769	0.19038462	0.41538462	0.08942308
0.09615385	0.03653846	0.07884615	0.78846154
0.06442308	0.04903846	0.09230769	0.79423077
0.04423077	0.79519231	0.12019231	0.04038462
0.06826923	0.13750000	0.16153846	0.63269231
0.58173077	0.17788462	0.17500000	0.06538462
0.01730769	0.11923077	0.80961538	0.05384615
0.72500000	0.06153846	0.11442308	0.09903846
