A C G T
0.68800000	0.11800000	0.10000000	0.09400000
0.71800000	0.08400000	0.09200000	0.10600000
0.25800000	0.23400000	0.30800000	0.20000000
0.25400000	0.18600000	0.14400000	0.41600000
0.14200000	0.00400000	0.85000000	0.00400000
0.94999999	0.00600000	0.04400000	0.00000001
0.98800000	0.00200000	0.00200000	0.00800000
0.99799998	0.00000001	0.00000001	0.00200000
0.12000000	0.38000000	0.48400000	0.01600000
0.10600000	0.19600000	0.00400000	0.69400000
0.07600000	0.00400000	0.91600000	0.00400000
0.93600000	0.01000000	0.05000000	0.00400000
0.99199999	0.00000001	0.00600000	0.00200000
0.97600000	0.00200000	0.01000000	0.01200000
0.04600000	0.41600000	0.51400000	0.02400000
