A C G T
0.71285141	0.07228916	0.10843373	0.10642570
0.75502008	0.05622490	0.07831325	0.11044177
0.28313253	0.19879518	0.38554217	0.13253012
0.25903614	0.22289157	0.12650602	0.39156627
0.16867470	0.02409639	0.79919679	0.00803213
0.97791164	0.00000001	0.02008032	0.00200803
0.99397589	0.00200803	0.00401606	0.00000001
0.97188754	0.00000001	0.01606426	0.01204819
0.13052209	0.26305221	0.59036145	0.01606426
0.08835341	0.21887550	0.00803213	0.68473896
0.05421687	0.01004016	0.92168675	0.01405622
0.94377509	0.01004016	0.04618474	0.00000001
0.98795179	0.00000001	0.01204819	0.00000001
0.97791164	0.00000001	0.01204819	0.01004016
0.00602410	0.37751004	0.58232932	0.03413655
