A C G T
0.60400000	0.04400000	0.30000000	0.05200000
0.67800000	0.06600000	0.21400000	0.04200000
0.72000000	0.07400000	0.11000000	0.09600000
0.30600000	0.10800000	0.45600000	0.13000000
0.22400000	0.05400000	0.55800000	0.16400000
0.20200000	0.05400000	0.73200000	0.01200000
0.82000000	0.01800000	0.14800000	0.01400000
0.81600000	0.03600000	0.12600000	0.02200000
0.90000000	0.01600000	0.03000000	0.05400000
0.22400000	0.26200000	0.44600000	0.06800000
0.29200000	0.08800000	0.40200000	0.21800000
0.20000000	0.00600000	0.78400000	0.01000000
0.67400000	0.02400000	0.29000000	0.01200000
0.88000000	0.03600000	0.07200000	0.01200000
0.94200000	0.00400000	0.04000000	0.01400000
0.09600000	0.31400000	0.54800000	0.04200000
0.26600000	0.14200000	0.27400000	0.31800000
0.22800000	0.12200000	0.58600000	0.06400000
0.68200000	0.07000000	0.17800000	0.07000000
