A C G T
0.65200000	0.07200000	0.11200000	0.16400000
0.48800000	0.06000000	0.19400000	0.25800000
0.23600000	0.12600000	0.57400000	0.06400000
0.51200000	0.14600000	0.30400000	0.03800000
0.21400000	0.00400000	0.76000000	0.02200000
0.03000000	0.01600000	0.95200000	0.00200000
0.97000000	0.01800000	0.00400000	0.00800000
0.96000000	0.00400000	0.01000000	0.02600000
0.05800000	0.43800000	0.48000000	0.02400000
0.06800000	0.08400000	0.02200000	0.82600000
0.03600000	0.01600000	0.94400000	0.00400000
0.90000000	0.00400000	0.08400000	0.01200000
0.69200000	0.02800000	0.26000000	0.02000000
0.93600000	0.03200000	0.01800000	0.01400000
