A C G T
0.50803213	0.10240964	0.37148594	0.01807229
0.41967871	0.13654618	0.32329317	0.12048193
0.08232932	0.25903614	0.16064257	0.49799197
0.28915663	0.59236948	0.09437751	0.02409639
0.09437751	0.16867470	0.13052209	0.60642570
0.01405622	0.94979920	0.02208835	0.01405622
0.04618474	0.00803213	0.92971888	0.01606426
0.02008032	0.92570281	0.01004016	0.04417671
0.01807229	0.00602410	0.96184739	0.01405622
0.80722892	0.02610442	0.15461847	0.01204819
0.03614458	0.03212851	0.86546185	0.06626506
0.78714859	0.05020080	0.14257028	0.02008032
