A C G T
0.00730748	0.02192243	0.00309162	0.96767847
0.26076332	0.55596928	0.15371189	0.02955550
0.69343994	0.00999455	0.25713247	0.03943304
0.00000001	0.99962004	0.00000001	0.00037994
0.96680789	0.00000001	0.03319209	0.00000001
0.03737356	0.87502143	0.01902966	0.06857535
0.24828263	0.48173591	0.18176862	0.08821284
0.07857589	0.07632730	0.02673329	0.81836352
0.80173410	0.02331407	0.09460501	0.08034682
0.09026249	0.16968671	0.49271804	0.24733277
0.07851240	0.01593861	0.86233766	0.04321133
0.00000001	0.02722063	0.00186246	0.97091690
0.00157068	0.00000001	0.99842930	0.00000001
0.05662921	0.26426966	0.00775281	0.67134831
0.03612591	0.11980630	0.68358354	0.16048426
0.96752494	0.00278358	0.02574809	0.00394340
