A C G T
0.29999999	0.00000001	0.69999999	0.00000001
0.00000001	0.00000001	0.99999997	0.00000001
0.00000001	0.00000001	0.89999998	0.10000000
0.00000001	0.00000001	0.00000001	0.99999997
0.00000001	0.89999998	0.00000001	0.10000000
0.89999998	0.00000001	0.10000000	0.00000001
0.40000000	0.20000000	0.00000001	0.40000000
0.20000000	0.40000000	0.20000000	0.20000000
0.20000000	0.00000001	0.79999998	0.00000001
0.49999999	0.00000001	0.49999999	0.00000001
0.00000001	0.00000001	0.99999997	0.00000001
0.00000001	0.00000001	0.00000001	0.99999997
0.10000000	0.00000001	0.00000001	0.89999998
0.00000001	0.89999998	0.00000001	0.10000000
0.69999999	0.10000000	0.20000000	0.00000001
