A C G T
0.10714285	0.00000001	0.00000001	0.89285712
0.67857141	0.00000001	0.32142856	0.00000001
0.00000001	0.03571429	0.96428570	0.00000001
0.03571429	0.00000001	0.92857142	0.03571429
0.00000001	0.03571429	0.14285714	0.82142856
0.07142857	0.82142856	0.10714286	0.00000001
0.92857142	0.03571429	0.00000001	0.03571429
0.17857143	0.53571429	0.14285714	0.14285714
0.17857143	0.25000000	0.35714286	0.21428571
0.14285714	0.07142857	0.64285714	0.14285714
0.03571429	0.00000001	0.07142857	0.89285713
0.07142857	0.17857143	0.71428571	0.03571429
0.78571428	0.17857143	0.00000001	0.03571429
0.03571428	0.96428569	0.00000001	0.00000001
0.00000001	0.89285712	0.00000001	0.10714285
0.10714286	0.42857142	0.00000001	0.46428571
0.78571428	0.17857143	0.00000001	0.03571429
0.17857143	0.42857143	0.21428571	0.17857143
0.25000000	0.00000001	0.03571429	0.71428571
