A C G T
0.13824289	0.08074935	0.05167959	0.72932817
0.04302926	0.08720597	0.65633964	0.21342513
0.40477728	0.39444803	0.09296320	0.10781149
0.00000001	0.99160132	0.00839866	0.00000001
0.00164835	0.98186813	0.00604396	0.01043956
0.92514239	0.01057771	0.01464605	0.04963385
0.03310852	0.00000001	0.00367872	0.96321274
0.99828324	0.00000001	0.00171674	0.00000001
0.00061576	0.00307882	0.00492611	0.99137931
0.98641764	0.00000001	0.00000001	0.01358234
0.28786885	0.00786885	0.00000001	0.70426229
0.00418191	0.00470465	0.99111342	0.00000001
0.00423504	0.00105876	0.99100053	0.00370566
0.15206036	0.06094022	0.38885665	0.39814277
0.21369689	0.64870006	0.09194673	0.04565631
0.69062027	0.04765507	0.07413011	0.18759455
