A C G T
0.04651163	0.09302326	0.09302326	0.76744186
0.04651163	0.04651163	0.00000001	0.90697674
0.09302326	0.60465116	0.02325581	0.27906977
0.90697674	0.04651163	0.02325581	0.02325581
0.06976744	0.79069767	0.02325581	0.11627907
0.02325581	0.00000001	0.95348836	0.02325581
0.02325581	0.86046512	0.09302326	0.02325581
0.48837209	0.04651163	0.04651163	0.41860465
0.02325581	0.09302326	0.02325581	0.86046512
0.04651163	0.32558140	0.58139535	0.04651163
0.83720929	0.00000001	0.13953488	0.02325581
0.25581395	0.25581395	0.30232558	0.18604651
0.02325581	0.11627907	0.06976744	0.79069767
0.02325581	0.00000001	0.39534883	0.58139534
