A C G T
0.45927632	0.02730263	0.47157895	0.04184211
0.02280446	0.06428918	0.05476710	0.85813925
0.14734287	0.10972342	0.02750670	0.71542701
0.98175132	0.00020816	0.01706911	0.00097141
0.93368088	0.04177115	0.00052791	0.02402006
0.08036334	0.02668265	0.00044156	0.89251246
0.23607577	0.26505513	0.32089341	0.17797569
0.93405070	0.00059414	0.02237919	0.04297597
0.04523476	0.00082708	0.05376002	0.90017814
0.00291202	0.01580808	0.00027733	0.98100257
0.81498762	0.01365129	0.07701169	0.09434940
0.87811084	0.04313287	0.06795755	0.01079873
0.08648146	0.82232942	0.03806812	0.05312100
