A C G T
0.31707317	0.02439024	0.65853658	0.00000001
0.41463414	0.00000001	0.58536584	0.00000001
0.00000001	0.00000001	0.99999997	0.00000001
0.00000001	0.00000001	0.95121949	0.04878049
0.00000001	0.04878049	0.00000001	0.95121949
0.04878049	0.90243902	0.04878049	0.00000001
0.99999997	0.00000001	0.00000001	0.00000001
0.99999997	0.00000001	0.00000001	0.00000001
0.95121949	0.00000001	0.04878049	0.00000001
0.00000001	0.00000001	0.99999997	0.00000001
0.00000001	0.00000001	0.95121949	0.04878049
0.00000001	0.04878049	0.00000001	0.95121949
0.04878049	0.87804878	0.02439024	0.04878049
0.92682926	0.02439024	0.04878049	0.00000001
