A C G T
0.76199449	0.00840702	0.17632990	0.05326859
0.00218616	0.95651963	0.00063156	0.04066265
0.88201375	0.01508095	0.04827382	0.05463148
0.08098892	0.01771337	0.00648859	0.89480913
0.00039210	0.00009802	0.99950987	0.00000001
0.01253017	0.61695681	0.00559749	0.36491552
0.05692301	0.80127938	0.01932972	0.12246790
0.06043811	0.62681446	0.11353919	0.19920823
0.22136000	0.08472725	0.57216762	0.12174513
0.15101972	0.03185572	0.75198045	0.06514411
0.44012143	0.00161080	0.54649650	0.01177127
0.00000001	0.99974166	0.00020666	0.00005167
0.89217920	0.01725685	0.01083730	0.07972665
0.09172698	0.00593084	0.00447326	0.89786892
0.01558850	0.00157315	0.97959670	0.00324165
0.03960887	0.15041456	0.00522711	0.80474946
0.07145631	0.44577670	0.04004854	0.44271845
