A C G T
0.68838689	0.16416572	0.08073724	0.06671016
0.00047217	0.00000001	0.99926551	0.00026232
0.00000001	0.00015640	0.99973933	0.00010426
0.00020524	0.00000001	0.98347785	0.01631690
0.01161434	0.00015215	0.98686413	0.00136938
0.92953384	0.00480099	0.06357442	0.00209075
0.50757411	0.00130463	0.00231934	0.48880191
0.00139056	0.08286455	0.00733203	0.90841287
0.00174807	0.98447301	0.00041131	0.01336761
0.04951679	0.95008469	0.00009963	0.00029889
0.00041675	0.99927068	0.00010419	0.00020838
0.00062125	0.99834334	0.00020708	0.00082833
