A C G T
0.65472312	0.00977199	0.33550488	0.00000001
0.00000001	0.00000001	0.94824960	0.05175038
0.00312500	0.00000001	0.99687498	0.00000001
0.00000001	0.00000001	0.00543478	0.99456520
0.00219780	0.99340658	0.00000001	0.00439560
0.94011974	0.00000001	0.05988024	0.00000001
0.20689655	0.64750958	0.10153257	0.04406130
0.16821192	0.29536424	0.45033113	0.08609272
0.37903226	0.14193548	0.45806452	0.02096774
0.00000001	0.04307116	0.00187266	0.95505617
0.00315457	0.00000001	0.99684541	0.00000001
0.99594319	0.00202840	0.00202840	0.00000001
0.00000001	0.99567098	0.00432900	0.00000001
0.03191489	0.96808509	0.00000001	0.00000001
0.00000001	0.21932515	0.01073620	0.76993864
