A C G T
0.40413919	0.00486695	0.58075961	0.01023425
0.00145868	0.00025527	0.99690030	0.00138575
0.39118819	0.02623396	0.12499453	0.45758332
0.99851925	0.00043874	0.00049358	0.00054843
0.00000001	0.99942843	0.00057155	0.00000001
0.95902749	0.00093711	0.03633903	0.00369638
0.10150824	0.39325196	0.06505569	0.44018411
0.33703655	0.15928201	0.24349758	0.26018385
0.51736174	0.04369900	0.35634633	0.08259293
0.00331329	0.02311122	0.00204524	0.97153025
0.00000001	0.00040477	0.99941124	0.00018399
0.00032652	0.00036733	0.00204073	0.99726542
0.38393323	0.13688924	0.02816901	0.45100852
0.00134826	0.99607779	0.00020428	0.00236967
0.00939457	0.58876666	0.00754778	0.39429099
