A C G T
0.04618768	0.62023460	0.04838710	0.28519062
0.42386530	0.04245974	0.02049780	0.51317716
0.00804682	0.03657644	0.02633504	0.92904170
0.03433163	0.00876552	0.05770636	0.89919649
0.08619430	0.26515705	0.60262966	0.04601899
0.30314098	0.01314828	0.02118335	0.66252739
0.15047480	0.26661797	0.13586560	0.44704164
0.90211833	0.02191381	0.01753104	0.05843682
0.01241782	0.00365230	0.01095690	0.97297297
0.00730460	0.01168736	0.90504018	0.07596786
0.01023392	0.75219298	0.09429825	0.14327485
0.76923077	0.01172161	0.02197802	0.19706960
0.65124816	0.04992658	0.23127753	0.06754772
0.88170463	0.02424688	0.05510654	0.03894195
