A C G T
0.04362598	0.02940757	0.88048537	0.04648108
0.01529718	0.07215970	0.04054742	0.87199570
0.14039644	0.08492392	0.01906255	0.75561708
0.98530304	0.00041535	0.01271606	0.00156555
0.94153386	0.03550711	0.00427429	0.01868474
0.05775744	0.02403589	0.00196090	0.91624577
0.21084376	0.29950062	0.31214735	0.17750827
0.94717282	0.00224208	0.01842808	0.03215701
0.03872157	0.01217549	0.04650686	0.90259607
0.00253285	0.02105430	0.00003166	0.97638119
0.77053194	0.01983859	0.13169927	0.07793019
0.88880883	0.04242442	0.05706545	0.01170130
0.05366834	0.51311726	0.02173718	0.41147723
