A C G T
0.67999999	0.20000000	0.00000001	0.12000000
0.68000000	0.04000000	0.20000000	0.08000000
0.79999998	0.00000001	0.20000000	0.00000001
0.00000001	0.00000001	0.99999997	0.00000001
0.00000001	0.00000001	0.95999998	0.04000000
0.00000001	0.00000001	0.00000001	0.99999997
0.00000001	0.99999997	0.00000001	0.00000001
0.99999997	0.00000001	0.00000001	0.00000001
0.95999998	0.00000001	0.00000001	0.04000000
0.99999997	0.00000001	0.00000001	0.00000001
0.00000001	0.00000001	0.99999997	0.00000001
0.00000001	0.00000001	0.99999997	0.00000001
0.00000001	0.00000001	0.00000001	0.99999997
0.00000001	0.99999997	0.00000001	0.00000001
0.99999997	0.00000001	0.00000001	0.00000001
0.80000000	0.04000000	0.08000000	0.08000000
0.00000001	0.59999999	0.24000000	0.16000000
