A C G T
0.00000001	0.99999997	0.00000001	0.00000001
0.00000001	0.00000001	0.99999997	0.00000001
0.00000001	0.15598290	0.80947293	0.03454416
0.25284368	0.21286968	0.30126747	0.23301917
0.09486680	0.36939571	0.37394412	0.16179337
0.31636138	0.25147470	0.31108351	0.12108041
0.78621848	0.00000001	0.18084033	0.03294118
0.19776770	0.45204046	0.28252529	0.06766655
0.64087102	0.11222780	0.00000001	0.24690117
0.20600188	0.18505783	0.54517037	0.06376993
0.03054407	0.24403436	0.15717467	0.56824690
0.36608260	0.16176471	0.34574468	0.12640801
0.00000001	0.48060200	0.24381271	0.27558528
0.07712504	0.12865113	0.13751231	0.65671152
0.00000001	0.99999997	0.00000001	0.00000001
