A C G T
0.59523810	0.02976190	0.31250000	0.06250000
0.00892857	0.01190476	0.11607143	0.86309524
0.01190476	0.01488095	0.94345238	0.02976190
0.03869048	0.08035714	0.01190476	0.86904762
0.63690476	0.10714286	0.15178571	0.10416667
0.02678571	0.16071428	0.00000001	0.81249999
0.01785714	0.00000001	0.97321428	0.00892857
0.00000001	0.00000001	0.94642855	0.05357143
0.14285714	0.01488095	0.83630952	0.00595238
0.00297619	0.01488095	0.00595238	0.97619048
0.00892857	0.05357143	0.78571429	0.15178571
0.08035714	0.14285714	0.07142857	0.70535714
