A C G T
0.12242240	0.82164822	0.02930323	0.02662615
0.00702848	0.92261429	0.00000001	0.07035722
0.18495472	0.36331711	0.18624854	0.26547964
0.39277814	0.14443722	0.22329213	0.23949252
0.55679462	0.01393952	0.04589320	0.38337265
0.06802820	0.01722509	0.00000001	0.91474670
0.07997005	0.26271013	0.03688831	0.62043150
0.42161921	0.07490923	0.37881394	0.12465762
0.04452204	0.00232795	0.95315000	0.00000001
0.00859157	0.00983992	0.98039360	0.00117492
0.75237960	0.06861770	0.02265947	0.15634323
0.91066346	0.02912196	0.02554558	0.03466900
