A C G T
0.04097311	0.01152369	0.01600512	0.93149808
0.00739744	0.00268998	0.01143241	0.97848016
0.00608931	0.98443843	0.00608931	0.00338295
0.00194363	0.17541302	0.11564626	0.70699708
0.64210062	0.18711386	0.16946161	0.00132392
0.00000001	0.00000001	0.99999997	0.00000001
0.98845109	0.00543478	0.00135870	0.00475543
0.97651007	0.00268456	0.00268456	0.01812081
0.04804393	0.48936170	0.10912835	0.35346603
0.33676976	0.13058419	0.40687285	0.12577320
0.01683502	0.00336700	0.00000001	0.97979797
0.00408998	0.00136333	0.00272665	0.99182004
0.00204778	0.99317406	0.00204778	0.00273038
