A C G T
0.74528302	0.03773585	0.12264151	0.09433962
0.65723270	0.07547170	0.17295597	0.09433962
0.84276729	0.00000001	0.05031446	0.10691824
0.10062893	0.11320755	0.08176101	0.70440252
0.00000001	0.05345912	0.94654086	0.00000001
0.83333333	0.11006289	0.01572327	0.04088050
0.06289308	0.00000001	0.00000001	0.93710690
0.00000001	0.00000001	0.99999997	0.00000001
0.99999997	0.00000001	0.00000001	0.00000001
0.09748428	0.56289308	0.06918239	0.27044025
0.78301886	0.00000001	0.08805031	0.12893082
0.75471697	0.00000001	0.00000001	0.24528301
