A C G T
0.57692307	0.11538461	0.30769230	0.00000001
0.18269231	0.09615385	0.72115384	0.00000001
0.04807692	0.02884615	0.33653846	0.58653846
0.08653846	0.00000001	0.00000001	0.91346152
0.11538461	0.63461538	0.00000001	0.25000000
0.71153845	0.00000001	0.28846153	0.00000001
0.32692308	0.10576923	0.04807692	0.51923077
0.00000001	0.00000001	0.00000001	0.99999997
0.00000001	0.00000001	0.99999997	0.00000001
0.63461538	0.31730769	0.00000001	0.04807692
0.47115384	0.52884614	0.00000001	0.00000001
0.20192307	0.54807692	0.00000001	0.25000000
0.00000001	0.32692307	0.00000001	0.67307691
0.23076923	0.26923077	0.00000001	0.49999999
