A C G T
0.00851064	0.09361702	0.04539007	0.85248227
0.03971631	0.93475177	0.01560284	0.00992908
0.01418440	0.12624113	0.00709220	0.85248227
0.00000001	0.99999997	0.00000001	0.00000001
0.04964539	0.00000001	0.94609928	0.00425532
0.00283688	0.94751772	0.00000001	0.04964539
0.00000001	0.00000001	0.99999997	0.00000001
0.65390071	0.11347518	0.16737589	0.06524823
0.01134752	0.08085106	0.63829787	0.26950355
0.59007092	0.13333333	0.20000000	0.07659574
0.12056738	0.32907801	0.19290780	0.35744681
0.02695035	0.46524823	0.06099291	0.44680851
