A C G T
0.35185489	0.00528964	0.63033353	0.01252194
0.00102048	0.00014323	0.99776210	0.00107419
0.44696970	0.03512397	0.16962555	0.34828079
0.99876991	0.00049869	0.00043220	0.00029921
0.00000001	0.99989990	0.00010008	0.00000001
0.96260447	0.00080420	0.03024385	0.00634747
0.16235388	0.40379643	0.06947606	0.36437363
0.42414386	0.11390794	0.20123029	0.26071791
0.53429064	0.04506038	0.32686839	0.09378060
0.00893414	0.02219054	0.00049015	0.96838517
0.00000001	0.00015281	0.99984717	0.00000001
0.00008980	0.00051635	0.00006735	0.99932649
0.33592380	0.17944845	0.03279088	0.45183687
0.00037388	0.99747634	0.00021030	0.00193948
0.01292526	0.59271569	0.01343304	0.38092600
