A C G T
0.04959862	0.01060780	0.02608945	0.91370413
0.00705738	0.00061369	0.01442160	0.97790733
0.00499220	0.99438377	0.00062402	0.00000001
0.00023861	0.16941064	0.06991172	0.76043904
0.70136443	0.12433979	0.17429577	0.00000001
0.00062696	0.00000001	0.99905955	0.00031348
0.97521420	0.01499388	0.00122399	0.00856793
0.96022898	0.00030130	0.00692980	0.03253992
0.05334170	0.44116724	0.19767807	0.30781299
0.31346094	0.14684656	0.37935362	0.16033888
0.04074605	0.01951220	0.02525108	0.91449067
0.01337693	0.02645660	0.01278240	0.94738407
0.02368911	0.84828320	0.03114187	0.09688581
