A C G T
0.00293675	0.00143072	0.00007530	0.99555723
0.00066568	0.00059172	0.99844675	0.00029586
0.99740141	0.00033894	0.00225963	0.00000001
0.00007509	0.99902380	0.00037546	0.00052564
0.99651372	0.00056230	0.00247413	0.00044984
0.00102414	0.00146306	0.92706657	0.07044623
0.03336778	0.77971357	0.18603278	0.00088587
0.00007785	0.00482641	0.00062276	0.99447299
0.00082744	0.00097788	0.99751768	0.00067700
0.00353551	0.00188561	0.00023570	0.99434318
0.00265663	0.99512951	0.00095934	0.00125452
0.99100483	0.00186485	0.00351031	0.00362001
