A C G T
0.43004012	0.46940822	0.10005015	0.00050150
0.00024925	0.90752741	0.00000001	0.09222333
0.99824649	0.00050100	0.00025050	0.00100200
0.01239465	0.00818047	0.03073872	0.94868617
0.01715138	0.98160577	0.00024857	0.00099428
0.00300150	0.99699848	0.00000001	0.00000001
0.00000001	0.99974916	0.00025082	0.00000001
0.99799649	0.00125219	0.00025044	0.00050088
0.00000001	0.00225225	0.00000001	0.99774773
0.99799748	0.00200250	0.00000001	0.00000001
0.99849586	0.00050138	0.00075207	0.00025069
0.00100150	0.00150225	0.00000001	0.99749623
0.97907324	0.00423518	0.01071251	0.00597907
0.26805416	0.32221665	0.15521565	0.25451354
0.04244817	0.20187562	0.19447187	0.56120434
0.19757366	0.65065610	0.02302550	0.12874474
