A C G T
0.02829374	0.78250540	0.08034557	0.10885529
0.02431750	0.02890571	0.05047029	0.89630649
0.49792622	0.40296878	0.04191225	0.05719275
0.98425948	0.00166945	0.00667780	0.00739327
0.00000001	0.00000001	0.00024225	0.99975773
0.02149776	0.00307111	0.00047248	0.97495866
0.37896777	0.00000001	0.00000001	0.62103221
0.09952494	0.01591449	0.88076010	0.00380048
0.01290323	0.98614098	0.00023895	0.00071685
0.99254449	0.00216450	0.00120250	0.00408850
0.00072586	0.00072586	0.00000001	0.99854826
0.98355577	0.00119161	0.00119161	0.01406101
0.53414578	0.03793976	0.01310646	0.41480800
