A C G T
0.32475118	0.02689928	0.56769012	0.08065942
0.57072631	0.00075288	0.40066430	0.02785651
0.76197412	0.00345387	0.14497940	0.08959261
0.96068402	0.01073166	0.00967855	0.01890577
0.34448485	0.35393939	0.13515152	0.16642424
0.00767263	0.19549233	0.71536658	0.08146846
0.00546371	0.00049670	0.99336550	0.00067409
0.99589006	0.00077061	0.00282558	0.00051374
0.99342848	0.00077010	0.00302906	0.00277236
0.98037039	0.00111016	0.00216985	0.01634960
0.02033654	0.88283654	0.05528846	0.04153846
0.02870292	0.73941302	0.13709580	0.09478826
0.01387080	0.00028164	0.98556592	0.00028164
0.98742845	0.00700123	0.00424162	0.00132870
0.97129115	0.00255524	0.00180370	0.02434992
0.95441806	0.00413040	0.00275360	0.03869794
0.02572682	0.80291179	0.14803093	0.02333047
