A C G T
0.00703803	0.87648640	0.00168217	0.11479340
0.00764559	0.00144174	0.99023548	0.00067718
0.99283806	0.00271584	0.00199308	0.00245302
0.98958697	0.00017464	0.00054576	0.00969263
0.99960308	0.00013231	0.00008820	0.00017641
0.00401219	0.97260127	0.01272314	0.01066341
0.00054919	0.92205520	0.00008136	0.07731424
0.00125559	0.00013217	0.99854616	0.00006608
0.99872216	0.00101346	0.00015422	0.00011016
0.97765652	0.00023724	0.00049604	0.02161020
0.99929458	0.00033067	0.00008818	0.00028658
0.01641877	0.89780357	0.08419322	0.00158444
0.02932220	0.37454484	0.00538745	0.59074551
