A C G T
0.45263158	0.01052632	0.52631579	0.01052632
0.00452489	0.00301659	0.98190045	0.01055807
0.00298063	0.00149031	0.02533532	0.97019374
0.11160714	0.72656250	0.04575893	0.11607143
0.01033973	0.96159527	0.00590842	0.02215657
0.98936168	0.00000001	0.01063830	0.00000001
0.99086758	0.00152207	0.00304414	0.00456621
0.99237803	0.00000001	0.00762195	0.00000001
0.00000001	0.00000001	0.99846624	0.00153374
0.00417827	0.00000001	0.90668523	0.08913649
0.00000001	0.00589102	0.03534610	0.95876288
0.00287770	0.93669065	0.01007194	0.05035971
0.69924812	0.00751880	0.27969925	0.01353383
