A C G T
0.46212121	0.05117210	0.48056032	0.00614637
0.00218103	0.00027263	0.89899128	0.09855507
0.00765996	0.00000001	0.99053769	0.00180234
0.00000001	0.02438447	0.19495738	0.78065814
0.00000001	0.60839483	0.00018450	0.39142066
0.99833485	0.00030276	0.00030276	0.00105964
0.09476876	0.18817286	0.67141774	0.04564064
0.00287977	0.01684665	0.03066955	0.94960403
0.53397043	0.01373749	0.45064954	0.00164253
0.00000001	0.00000001	0.85560455	0.14439543
0.00121047	0.00000001	0.99788167	0.00090785
0.02683634	0.05405065	0.08819453	0.83091848
0.00014227	0.93825580	0.01266183	0.04894011
0.87513270	0.00053079	0.12168259	0.00265393
