A C G T
0.07376959	0.20355146	0.03463773	0.68804121
0.03388319	0.02296032	0.92989300	0.01326349
0.10068507	0.82406062	0.01920282	0.05605148
0.09224498	0.09347744	0.04275692	0.77152067
0.06385012	0.04540241	0.76734850	0.12339897
0.70331113	0.15148673	0.02973455	0.11546759
0.06495468	0.42997410	0.43418213	0.07088908
0.11832625	0.02216885	0.16451136	0.69499353
0.11659888	0.77329072	0.04086771	0.06924269
0.76729916	0.04276409	0.08392335	0.10601341
0.04975281	0.01093931	0.83696224	0.10234564
0.00292925	0.94310500	0.02489860	0.02906715
0.67288489	0.02447054	0.21463843	0.08800615
