A C G T
0.00000001	0.02056555	0.00000001	0.97943443
0.05081670	0.16152450	0.70598911	0.08166969
0.78427419	0.03830645	0.03427419	0.14314516
0.00000001	0.94878048	0.00975610	0.04146341
0.00000001	0.83119657	0.12606837	0.04273504
0.02524272	0.14563107	0.07378641	0.75533981
0.02827763	0.34447301	0.23907455	0.38817481
0.67609254	0.07197943	0.22879177	0.02313625
0.10824742	0.56958763	0.18298969	0.13917526
0.25954198	0.21882951	0.52162849	0.00000001
0.00000001	0.00000001	0.01503759	0.98496239
0.00000001	0.00000001	0.99234692	0.00765306
0.80041151	0.02263374	0.00000001	0.17695473
0.00000001	0.99488489	0.00000001	0.00511509
0.01736973	0.96526055	0.00744417	0.00992556
0.00000001	0.02261306	0.00000001	0.97738692
0.00000001	0.37878787	0.15800866	0.46320346
0.79753086	0.01975309	0.18271605	0.00000001
