A C G T
0.15100000	0.02900000	0.71300000	0.10700000
0.24775225	0.01098901	0.33566434	0.40559441
0.03700000	0.00200000	0.90600000	0.05500000
0.05500000	0.00200000	0.94100000	0.00200000
0.13386613	0.16883117	0.48451548	0.21278721
0.30030030	0.37937938	0.21321321	0.10710711
0.77400000	0.01100000	0.20400000	0.01100000
0.16000000	0.20400000	0.52900000	0.10700000
0.12500000	0.01100000	0.85300000	0.01100000
0.02900000	0.00200000	0.93200000	0.03700000
0.45000000	0.09000000	0.34400000	0.11600000
0.00200200	0.00200200	0.99399399	0.00200200
0.02000000	0.00200000	0.97600000	0.00200000
0.35300000	0.29200000	0.20400000	0.15100000
0.39700000	0.17800000	0.27400000	0.15100000
0.37100000	0.00200000	0.44100000	0.18600000
0.26526527	0.42342342	0.10710711	0.20420420
0.78300000	0.00200000	0.16900000	0.04600000
0.31800000	0.08100000	0.57200000	0.02900000
