A C G T
0.87285968	0.02935290	0.02412720	0.07366022
0.03267549	0.01276294	0.00129993	0.95326164
0.06364146	0.03092437	0.00296919	0.90246499
0.27682164	0.02283415	0.00315121	0.69719300
0.34185883	0.04752429	0.60915369	0.00146319
0.09490515	0.89300246	0.00401169	0.00808069
0.96004679	0.00695641	0.03084216	0.00215464
0.00196984	0.00947984	0.00301631	0.98553401
0.48624192	0.33751924	0.15740228	0.01883657
0.92524489	0.02967291	0.00905081	0.03603139
0.01981346	0.83464193	0.03599094	0.10955367
0.96229324	0.01037529	0.00527658	0.02205490
0.98058194	0.00804549	0.00369004	0.00768254
0.29552960	0.01675785	0.00428804	0.68342452
