A C G T
0.70782852	0.03588071	0.24091333	0.01537745
0.00176056	0.00586854	0.00938967	0.98298122
0.02186099	0.02130045	0.92320628	0.03363229
0.96927536	0.00811594	0.02028986	0.00231884
0.00569801	0.94757835	0.00113960	0.04558405
0.02886836	0.00115473	0.96189376	0.00808314
0.01393728	0.00000001	0.01684088	0.96922183
0.06124722	0.90979955	0.01224944	0.01670379
0.98934279	0.00000001	0.01065719	0.00000001
0.00968400	0.17584098	0.02497452	0.78950051
0.12251816	0.73365617	0.07360775	0.07021792
0.47691441	0.04110360	0.45326577	0.02871622
