A C G T
0.09394410	0.04153727	0.05590062	0.80861801
0.01591615	0.01358696	0.96118012	0.00931677
0.03338509	0.82647516	0.00970497	0.13043478
0.77096273	0.04930124	0.06017081	0.11956522
0.17274845	0.14208075	0.56521739	0.11995342
0.06133540	0.10791925	0.06948758	0.76125776
0.13431677	0.12577640	0.34627329	0.39363354
0.17585404	0.51746894	0.12732919	0.17934783
0.19293478	0.43827640	0.16265528	0.20613354
0.27717391	0.30822981	0.24184783	0.17274845
0.20807453	0.33190994	0.29891304	0.16110248
0.18128882	0.44177019	0.21777950	0.15916149
0.25776398	0.23447205	0.14596273	0.36180124
0.21855590	0.28338509	0.21001553	0.28804348
0.23020186	0.35015528	0.19177019	0.22787267
0.17546584	0.30318323	0.15256211	0.36878882
0.21739130	0.17779503	0.40411491	0.20069876
0.23447205	0.11645963	0.48214286	0.16692547
0.06909938	0.80512422	0.06017081	0.06560559
0.01475155	0.97631988	0.00349379	0.00543478
0.73990683	0.03765528	0.10675466	0.11568323
0.04930124	0.54697205	0.37305901	0.03066770
0.13509317	0.39440994	0.06793478	0.40256211
0.84588509	0.02096273	0.08229814	0.05085404
0.01242236	0.00349379	0.98097826	0.00310559
0.44254658	0.00543478	0.54309006	0.00892857
0.06560559	0.02756211	0.46894410	0.43788820
0.02406832	0.00543478	0.95962733	0.01086957
0.04619565	0.05357143	0.82181677	0.07841615
0.13004658	0.71156832	0.03338509	0.12500000
