A C G T
0.59767442	0.01162791	0.08604651	0.30465116
0.49534884	0.03953488	0.03720930	0.42790698
0.25581395	0.26279070	0.20930233	0.27209302
0.05813953	0.07209302	0.00930233	0.86046512
0.00000001	0.00000001	0.99999997	0.00000001
0.03023256	0.96279070	0.00232558	0.00465116
0.00465116	0.00930233	0.00000001	0.98604650
0.00000001	0.00000001	0.99302324	0.00697674
0.99767440	0.00000001	0.00232558	0.00000001
0.02093023	0.55348837	0.41395349	0.01162791
0.04883721	0.03023256	0.01395349	0.90697674
0.08372093	0.81395349	0.05116279	0.05116279
0.81395348	0.00000001	0.10930232	0.07674419
0.03023256	0.00000001	0.83720929	0.13255814
0.01627907	0.90000000	0.07209302	0.01162791
0.70930233	0.04418605	0.10000000	0.14651163
