A C G T
0.30661323	0.04408818	0.06012024	0.58917836
0.01202405	0.06012024	0.04208417	0.88577154
0.06813627	0.00801603	0.03807615	0.88577154
0.11022044	0.24849699	0.58917836	0.05210421
0.37675351	0.04208417	0.03607214	0.54509018
0.23046092	0.26052104	0.19238477	0.31663327
0.80761523	0.03406814	0.04008016	0.11823647
0.06813627	0.01402806	0.03006012	0.88777555
0.02605210	0.01803607	0.81162325	0.14428858
0.02805611	0.63527054	0.11623246	0.22044088
0.68136273	0.03206413	0.01603206	0.27054108
0.66332665	0.05010020	0.24048096	0.04609218
0.80561122	0.04809619	0.06813627	0.07815631
