A C G T
0.18312757	0.03909465	0.66666667	0.11111111
0.52263374	0.04732510	0.37860082	0.05144033
0.00617284	0.90534979	0.02057613	0.06790123
0.68724280	0.05761317	0.03292181	0.22222222
0.21604938	0.00617284	0.04732510	0.73045267
0.00617284	0.00205761	0.97736626	0.01440329
0.04938272	0.51646091	0.00823045	0.42592593
0.10905350	0.67283951	0.03497942	0.18312757
0.02263374	0.82098765	0.08436214	0.07201646
0.72222222	0.11111111	0.03909465	0.12757202
0.16666667	0.04320988	0.75102881	0.03909465
0.62962963	0.00617284	0.33950617	0.02469136
0.00000001	0.98971192	0.00823045	0.00205761
0.79218107	0.04320988	0.00617284	0.15843621
0.11934156	0.05144033	0.03086420	0.79835391
0.04115226	0.01851852	0.93209877	0.00823045
0.05967078	0.46913580	0.03086420	0.44032922
0.11728395	0.62551440	0.03909465	0.21810700
