A C G T
0.34136546	0.06024096	0.57028112	0.02811245
0.23493976	0.02610442	0.68072289	0.05823293
0.67269076	0.00602410	0.30120482	0.02008032
0.05220884	0.93172691	0.01004016	0.00602410
0.93172691	0.00401606	0.02208835	0.04216867
0.24497992	0.02409639	0.03012048	0.70080321
0.01807229	0.01606426	0.95381526	0.01204819
0.02208835	0.66064257	0.01204819	0.30522088
0.10642570	0.78313253	0.02208835	0.08835341
0.08232932	0.68473896	0.06626506	0.16666667
0.48995984	0.01807229	0.45180723	0.04016064
0.07630522	0.08032129	0.82329317	0.02008032
0.25502008	0.01405622	0.65261044	0.07831325
0.01405622	0.92168675	0.05421687	0.01004016
0.77510040	0.06626506	0.02008032	0.13855422
0.30522088	0.03413655	0.27911647	0.38152610
0.09036145	0.07630522	0.79718876	0.03614458
