A C G T
0.19801980	0.04455446	0.75247525	0.00495050
0.15841584	0.13861386	0.53960396	0.16336634
0.02475248	0.11881188	0.62376238	0.23267327
0.03465347	0.87623762	0.05940594	0.02970297
0.78217822	0.03465347	0.16336634	0.01980198
0.38613861	0.11386139	0.46534653	0.03465347
0.03465347	0.73267327	0.12871287	0.10396040
0.41089109	0.26732673	0.27722772	0.04455446
0.31188119	0.01980198	0.61881188	0.04950495
0.68316832	0.03960396	0.16336634	0.11386139
0.03465347	0.16336634	0.77227723	0.02970297
0.00990099	0.78217822	0.04455446	0.16336634
0.21782178	0.03465347	0.71782178	0.02970297
0.32178218	0.02970297	0.15841584	0.49009901
0.17326733	0.02970297	0.79207921	0.00495050
0.81188119	0.03465347	0.10396040	0.04950495
0.11881188	0.80198020	0.02970297	0.04950495
