A C G T
0.06012024	0.51903808	0.04609218	0.37474950
0.52705411	0.01803607	0.01603206	0.43887776
0.01202405	0.02004008	0.01402806	0.95390782
0.04809619	0.00601202	0.05811623	0.88777555
0.09819639	0.22845691	0.60320641	0.07014028
0.32665331	0.01603206	0.01402806	0.64328657
0.22645291	0.22044088	0.14228457	0.41082164
0.86372745	0.01002004	0.02805611	0.09819639
0.00200401	0.00400802	0.00200401	0.99198397
0.00601202	0.00000001	0.92184368	0.07214429
0.02004008	0.72545090	0.07014028	0.18436874
0.67134269	0.01803607	0.01803607	0.29258517
0.69739479	0.04008016	0.16232465	0.10020040
0.90581162	0.01803607	0.04208417	0.03406814
