A C G T
0.39000000	0.04400000	0.04000000	0.52600000
0.02000000	0.06400000	0.02400000	0.89200000
0.07200000	0.02200000	0.02800000	0.87800000
0.10400000	0.31400000	0.51600000	0.06600000
0.38000000	0.03600000	0.03200000	0.55200000
0.17600000	0.25000000	0.10000000	0.47400000
0.88400000	0.02000000	0.03200000	0.06400000
0.01400000	0.00200000	0.01600000	0.96800000
0.01200000	0.00800000	0.92200000	0.05800000
0.01400000	0.76000000	0.09400000	0.13200000
0.79000000	0.02000000	0.03000000	0.16000000
0.62000000	0.06000000	0.25400000	0.06600000
0.83000000	0.03600000	0.06800000	0.06600000
