A C G T
0.38800000	0.02200000	0.53600000	0.05400000
0.06800000	0.00000001	0.83999999	0.09200000
0.12800000	0.02600000	0.80000000	0.04600000
0.10000000	0.12200000	0.43000000	0.34800000
0.05600000	0.55200000	0.30200000	0.09000000
0.89800000	0.01800000	0.06800000	0.01600000
0.57400000	0.04800000	0.33400000	0.04400000
0.79000000	0.00600000	0.19800000	0.00600000
0.07200000	0.00600000	0.89200000	0.03000000
0.06800000	0.00400000	0.80400000	0.12400000
0.05200000	0.07600000	0.32000000	0.55200000
0.12000000	0.61800000	0.17800000	0.08400000
0.75400000	0.06000000	0.11600000	0.07000000
