A C G T
0.09841270	0.00952381	0.84444444	0.04761905
0.49841270	0.15873016	0.18730159	0.15555556
0.89523810	0.05079365	0.02539683	0.02857143
0.00952381	0.87619048	0.00952381	0.10476190
0.64444444	0.03492063	0.11428571	0.20634921
0.02857143	0.18095238	0.17142857	0.61904762
0.07936508	0.21904762	0.11428571	0.58730159
0.06666667	0.46666667	0.14603175	0.32063492
0.09206349	0.06349206	0.04126984	0.80317460
0.01587302	0.08571429	0.86031746	0.03809524
0.05714286	0.03492063	0.03492063	0.87301587
0.23492063	0.13015873	0.14920635	0.48571429
0.06349206	0.80952381	0.00952381	0.11746032
0.08253968	0.26349206	0.02539683	0.62857143
