A C G T
0.05010020	0.54509018	0.01603206	0.38877756
0.43887776	0.01202405	0.00801603	0.54108216
0.00200401	0.02204409	0.01002004	0.96593186
0.01402806	0.00200401	0.00400802	0.97995992
0.07815631	0.15230461	0.74549098	0.02404810
0.10420842	0.00200401	0.02404810	0.86973948
0.22645291	0.24849699	0.15631263	0.36873747
0.68136273	0.07815631	0.06613226	0.17434870
0.07214429	0.01002004	0.03807615	0.87975952
0.03807615	0.05811623	0.75150301	0.15230461
0.04809619	0.63527054	0.11823647	0.19839679
0.55911824	0.10220441	0.03406814	0.30460922
0.55511022	0.09418838	0.14428858	0.20641283
0.77354709	0.03807615	0.07615230	0.11222445
