A C G T
0.80400000	0.13800000	0.04400000	0.01400000
0.88000000	0.00400000	0.05600000	0.06000000
0.41200000	0.00600000	0.28800000	0.29400000
0.21400000	0.05000000	0.60800000	0.12800000
0.23400000	0.19400000	0.52200000	0.05000000
0.23400000	0.25800000	0.33800000	0.17000000
0.19000000	0.28200000	0.29800000	0.23000000
0.06600000	0.42800000	0.25600000	0.25000000
0.03600000	0.79600000	0.06200000	0.10600000
0.40200000	0.07800000	0.01400000	0.50600000
0.00000001	0.13600000	0.09400000	0.76999999
0.00000001	0.00000001	0.00000001	0.99999997
0.00400000	0.00400000	0.99000000	0.00200000
0.01200000	0.00200000	0.00000001	0.98599999
0.03800000	0.13200000	0.19400000	0.63600000
0.05600000	0.56600000	0.07000000	0.30800000
