A C G T
0.68607069	0.04158004	0.18087318	0.09147609
0.65488565	0.06444906	0.19750520	0.08316008
0.64033264	0.00415800	0.13305613	0.22245322
0.13721414	0.04989605	0.79002079	0.02286902
0.69438669	0.04989605	0.24116424	0.01455301
0.04989605	0.00415800	0.94594594	0.00000001
0.00415800	0.00000001	0.99584198	0.00000001
0.99792098	0.00000001	0.00207900	0.00000001
0.99792098	0.00000001	0.00207900	0.00000001
0.02910603	0.15800416	0.81288980	0.00000001
0.07068607	0.02910603	0.01871102	0.88149688
0.00831601	0.13721414	0.84823285	0.00623701
