A C G T
0.06224900	0.14056225	0.74096386	0.05622490
0.06224900	0.67469880	0.18674699	0.07630522
0.15060241	0.58433735	0.17871486	0.08634538
0.06626506	0.08032129	0.73493976	0.11847390
0.01606426	0.91566265	0.05421687	0.01405622
0.03614458	0.90763052	0.04216867	0.01405622
0.59839357	0.18273092	0.14056225	0.07831325
0.01807229	0.22690763	0.17670683	0.57831325
0.06024096	0.52409639	0.30120482	0.11445783
0.04016064	0.18273092	0.20883534	0.56827309
0.02409639	0.36144578	0.05020080	0.56425703
0.10240964	0.18674699	0.50401606	0.20682731
0.16265060	0.23694779	0.53012048	0.07028112
0.18473896	0.39357430	0.22891566	0.19277108
0.11244980	0.24698795	0.17670683	0.46385542
0.11847390	0.34136546	0.34136546	0.19879518
0.17469880	0.50000000	0.11244980	0.21285141
0.02409639	0.12851406	0.68473896	0.16265060
0.02409639	0.14859438	0.79116466	0.03614458
0.01807229	0.19477912	0.74497992	0.04216867
0.07228916	0.78514056	0.06827309	0.07429719
