A C G T
0.46600000	0.02800000	0.49200000	0.01400000
0.11800000	0.00800000	0.84400000	0.03000000
0.05200000	0.00800000	0.76200000	0.17800000
0.01000000	0.12400000	0.18600000	0.68000000
0.05000000	0.69000000	0.15800000	0.10200000
0.81200000	0.01400000	0.10800000	0.06600000
0.13600000	0.33800000	0.34800000	0.17800000
0.20800000	0.22000000	0.15400000	0.41800000
0.14400000	0.06000000	0.77200000	0.02400000
0.47400000	0.01800000	0.49600000	0.01200000
0.00800000	0.00400000	0.97600000	0.01200000
0.01600000	0.00800000	0.36800000	0.60800000
0.07800000	0.08000000	0.19600000	0.64600000
0.00800000	0.76800000	0.06000000	0.16400000
0.65600000	0.08400000	0.15800000	0.10200000
