A C G T
0.08800000	0.11200000	0.76200000	0.03800000
0.27400000	0.30400000	0.27600000	0.14600000
0.09800000	0.08400000	0.80400000	0.01400000
0.29000000	0.05200000	0.59600000	0.06200000
0.25200000	0.02600000	0.71400000	0.00800000
0.00600000	0.02600000	0.95600000	0.01200000
0.01200000	0.01600000	0.97199999	0.00000001
0.82600000	0.14800000	0.00400000	0.02200000
0.01200000	0.00800000	0.97000000	0.01000000
0.03600000	0.01200000	0.90800000	0.04400000
0.47600000	0.10000000	0.38600000	0.03800000
0.23800000	0.03600000	0.71400000	0.01200000
0.24200000	0.18600000	0.51600000	0.05600000
0.30600000	0.21400000	0.38800000	0.09200000
0.12000000	0.06800000	0.75200000	0.06000000
0.19400000	0.09400000	0.67400000	0.03800000
0.37000000	0.10800000	0.47200000	0.05000000
0.21400000	0.08000000	0.68000000	0.02600000
